00000000000000000001001010110111
00000000000000000001001100110111
00000000000000000001001110110111
00000001010000111000001110010011
00000000000000000001111000110111
00000010100011100000111000010011
00000000000000000001111010110111
00000011110011101000111010010011
00000000111100000000111100010011
00000001111000110010000000100011
11111101011000000000111100010011
00000001111000110010001000100011
00000101100000000000111100010011
00000001111000110010010000100011
11111111111000000000111100010011
00000001111000110010011000100011
10000000000000000000111100110111
00000001111000110010100000100011
00000000000000000000111100010011
00000001111000111010000000100011
00000000000000000000111100010011
00000001111000111010001000100011
11111111110000000000111100010011
00000001111000111010010000100011
11111111111100000000111100010011
00000001111000111010011000100011
11111111111100000000111100010011
00000001111000111010100000100011
00000000010100000000111100010011
00000001111011101010000000100011
00000000000000000000111100010011
00000001111011100010000000100011
00000001111011100010001000100011
00000001111011100010010000100011
00000001111011100010011000100011
00000001111011100010100000100011
00000000000000110000010100010011
00000000000000111000010110010011
00000000000011100000011000010011
00000000000011101000001010010011
00000000000000101010011010000011
11111110000000010000000100010011
00000000000100010010111000100011
00000000100000010010110000100011
00000000100100010010101000100011
00000001001000010010100000100011
00000001001100010010011000100011
00000001010000010010010000100011
00000001010100010010001000100011
00000000000001010000010000010011
00000000000001011000010010010011
00000000000001100000100100010011
00000000000001101000100110010011
00000010000010011000100001100011
00000000000001000010101000000011
00000000000001001010101010000011
00000000000010100000010100010011
00000000000010101000010110010011
00000100000000000000000011101111
00000000101010010010000000100011
00000000010001000000010000010011
00000000010001001000010010010011
00000000010010010000100100010011
11111111111110011000100110010011
11111101010111111111000001101111
00000001110000010010000010000011
00000001100000010010010000000011
00000001010000010010010010000011
00000001000000010010100100000011
00000000110000010010100110000011
00000000100000010010101000000011
00000000010000010010101010000011
00000010000000010000000100010011
00000000000000001000000001100111
11111111000000010000000100010011
00000000000100010010011000100011
00000000100000010010010000100011
00000000100100010010001000100011
00000001001000010010000000100011
00000110000001011000011001100011
10000000000000000000001010110111
11111111111100000000001100010011
00000000010101010000010001100011
00000000100000000000000001101111
00001000011001011000111001100011
00000000000100000000010000010011
00000000000001010000010010010011
00000000000001001101011001100011
01000000100100000000010010110011
00000000000000000000010000010011
00000000000001011000100100010011
00000000000010010101011001100011
01000001001000000000100100110011
00000000000101000100010000010011
00000000000001001000010100010011
00000000000010010000010110010011
00001000110000000000000011101111
00000000000001000000010001100011
00000000100000000000000001101111
01000000101000000000010100110011
00000000110000010010000010000011
00000000100000010010010000000011
00000000010000010010010010000011
00000000000000010010100100000011
00000001000000010000000100010011
00000000000000001000000001100111
00000000000100000000010000010011
00000000000001010000010010010011
00000000000001001101010001100011
00000000000000000000010000010011
01111111111111111111010100110111
01111111111101010000010100010011
10000000000000000000010100110111
11111111111101010000010100010011
00000000000001000000010001100011
00000000100000000000000001101111
10000000000000000000010100110111
00000000110000010010000010000011
00000000100000010010010000000011
00000000010000010010010010000011
00000000000000010010100100000011
00000001000000010000000100010011
00000000000000001000000001100111
10000000000000000000010100110111
11111111111101010000010100010011
00000000110000010010000010000011
00000000100000010010010000000011
00000000010000010010010010000011
00000000000000010010100100000011
00000001000000010000000100010011
00000000000000001000000001100111
11111110100000010000000100010011
00000000000100010010101000100011
00000000100000010010100000100011
00000000100100010010011000100011
00000001001000010010010000100011
00000001001100010010001000100011
00000001010000010010000000100011
00000000000001010000010000010011
00000000000001011000010010010011
00000000000000000000100100010011
00000000000000000000100110010011
00000001111100000000101000010011
00000010000010100100110001100011
00000000000110011001100110010011
00000001010001000101001010110011
00000000000100101111001010010011
00000000010110011110100110110011
01000000100110011000001100110011
00000000000000110100110001100011
00000000000100000000001110010011
00000001010000111001001110110011
00000000011110010110100100110011
00000000000000110000100110010011
00000000010000000000000001101111
11111111111110100000101000010011
11111100110111111111000001101111
00000000000010010000010100010011
00000001010000010010000010000011
00000001000000010010010000000011
00000000110000010010010010000011
00000000100000010010100100000011
00000000010000010010100110000011
00000000000000010010101000000011
00000001100000010000000100010011
00000000000000001000000001100111
00000000000000000000000001101111
